# run 18:
# covariance matrix:
0.022451776379166156 -6.55060251225214e-05 -3.727535003780942e-05 0.033185778391731965 -0.02325850207780178 -0.025090517979236743
-6.55060251225214e-05 2.6653368826573364e-07 -2.3779127324165896e-08 -0.00010913230085687587 8.273239186394077e-05 8.584913128208012e-05
-3.727535003780942e-05 -2.3779127324165896e-08 3.355072677567819e-07 -2.8589949789702147e-06 -9.742722835171136e-06 1.345149442955017e-07
0.033185778391731965 -0.00010913230085687587 -2.8589949789702147e-06 0.5012145469576992 -0.18601669070357765 -0.1956951783741421
-0.02325850207780178 8.273239186394077e-05 -9.742722835171136e-06 -0.18601669070357765 0.09920820994762246 0.07604998852066443
-0.025090517979236743 8.584913128208012e-05 1.345149442955017e-07 -0.1956951783741421 0.07604998852066443 0.11240170620086899 
# means:
28.125415433950803
-0.08318733828600428
0.0009901382901939544
27.548822979682424
26.603235152976474
28.015699236534676
